623 0
625 50
624 100
624 150
624 200
624 250
624 300
624 350
624 400
624 450
624 500
624 550
624 600
624 650
624 700
624 750
624 800
624 850
624 900
624 950
624 1000
624 1050
624 1100
624 1150
624 1200
624 1250
624 1300
624 1350
624 1400
624 1450
624 1500
624 1550
624 1600
624 1650
624 1700
624 1750
624 1800
624 1850
624 1900
624 1950
624 2000
624 2050
624 2100
624 2150
624 2200
624 2250
624 2300
624 2350
624 2400
624 2450
624 2500
624 2550
624 2600
624 2650
624 2700
624 2750
624 2800
624 2850
624 2900
624 2950
624 3000
624 3050
624 3100
624 3150
624 3200
624 3250
624 3300
624 3350
624 3400
624 3450
624 3500
624 3550
624 3600
624 3650
624 3700
624 3750
624 3800
624 3850
624 3900
624 3950
624 4000
624 4050
624 4100
624 4150
624 4200
624 4250
624 4300
624 4350
624 4400
624 4450
624 4500
624 4550
624 4600
624 4650
624 4700
624 4750
624 4800
624 4850
624 4900
624 4950
624 5000
624 5050
624 5100
624 5150
624 5200
624 5250
624 5300
624 5350
624 5400
624 5450
624 5500
624 5550
624 5600
624 5650
624 5700
624 5750
624 5800
624 5850
624 5900
624 5950
624 6000
624 6050
624 6100
624 6150
624 6200
624 6250
624 6300
624 6350
624 6400
624 6450
624 6500
624 6550
624 6600
624 6650
624 6700
624 6750
624 6800
624 6850
624 6900
624 6950
624 7000
624 7050
624 7100
624 7150
624 7200
624 7250
624 7300
624 7350
624 7400
624 7450
624 7500
624 7550
624 7600
624 7650
624 7700
624 7750
624 7800
624 7850
624 7900
624 7950
624 8000
624 8050
624 8100
624 8150
624 8200
624 8250
624 8300
624 8350
624 8400
624 8450
624 8500
624 8550
624 8600
624 8650
624 8700
624 8750
624 8800
624 8850
624 8900
624 8950
624 9000
624 9050
624 9100
624 9150
624 9200
624 9250
624 9300
624 9350
624 9400
624 9450
624 9500
624 9550
624 9600
624 9650
624 9700
624 9750
624 9800
624 9850
624 9900
624 9950
