4.29619 0
4.30596 10
4.30108 20
4.30108 30
4.30108 40
4.30108 50
4.30108 60
4.30108 70
4.30108 80
4.30108 90
4.30108 100
4.30108 110
4.30108 120
4.30108 130
4.30108 140
4.30108 150
4.30108 160
4.30108 170
4.30108 180
4.30108 190
4.30108 200
4.30108 210
4.30108 220
4.30108 230
4.30108 240
4.30108 250
4.30108 260
4.30108 270
4.30108 280
4.30108 290
4.30108 300
4.30108 310
4.30108 320
4.30108 330
4.30108 340
4.30108 350
4.30108 360
4.30108 370
4.30108 380
4.30108 390
4.30108 400
4.30108 410
4.30108 420
4.30108 430
4.30108 440
4.30108 450
4.30108 460
4.30108 470
4.30108 480
4.30108 490
4.30108 500
4.30108 510
4.30108 520
4.30108 530
4.30108 540
4.30108 550
4.30108 560
4.30108 570
4.30108 580
4.30108 590
4.30108 600
4.30108 610
4.30108 620
4.30108 630
4.30108 640
4.30108 650
4.30108 660
4.30108 670
4.30108 680
4.30108 690
4.30108 700
4.30108 710
4.30108 720
4.30108 730
4.30108 740
4.30108 750
4.30108 760
4.30108 770
4.30108 780
4.30108 790
4.30108 800
4.30108 810
4.30108 820
4.30108 830
4.30108 840
4.30108 850
4.30108 860
4.30108 870
4.30108 880
4.30108 890
4.30108 900
4.30108 910
4.30108 920
4.30108 930
4.30108 940
4.30108 950
4.30108 960
4.30108 970
4.30108 980
4.30108 990
4.30108 1000
4.30108 1010
4.30108 1020
4.30108 1030
4.30108 1040
4.30108 1050
4.30108 1060
4.30108 1070
4.30108 1080
4.30108 1090
4.30108 1100
4.30108 1110
4.30108 1120
4.30108 1130
4.30108 1140
4.30108 1150
4.30108 1160
4.30108 1170
4.30108 1180
4.30108 1190
4.30108 1200
4.30108 1210
4.30108 1220
4.30108 1230
4.30108 1240
4.30108 1250
4.30108 1260
4.30108 1270
4.30108 1280
4.30108 1290
4.30108 1300
4.30108 1310
4.30108 1320
4.30108 1330
4.30108 1340
4.30108 1350
4.30108 1360
4.30108 1370
4.30108 1380
4.30108 1390
4.30108 1400
4.30108 1410
4.30108 1420
4.30108 1430
4.30108 1440
4.30108 1450
4.30108 1460
4.30108 1470
4.30108 1480
4.30108 1490
4.30108 1500
4.30108 1510
4.30108 1520
4.30108 1530
4.30108 1540
4.30108 1550
4.30108 1560
4.30108 1570
4.30108 1580
4.30108 1590
4.30108 1600
4.30108 1610
4.30108 1620
4.30108 1630
4.30108 1640
4.30108 1650
4.30108 1660
4.30108 1670
4.30108 1680
4.30108 1690
4.30108 1700
4.30108 1710
4.30108 1720
4.30108 1730
4.30108 1740
4.30108 1750
4.30108 1760
4.30108 1770
4.30108 1780
4.30108 1790
4.30108 1800
4.30108 1810
4.30108 1820
4.30108 1830
4.30108 1840
4.30108 1850
4.30108 1860
4.30108 1870
4.30108 1880
4.30108 1890
4.30108 1900
4.30108 1910
4.30108 1920
4.30108 1930
4.30108 1940
4.30108 1950
4.30108 1960
4.30108 1970
4.30108 1980
4.30108 1990
4.30108 2000
4.30108 2010
4.30108 2020
4.30108 2030
4.30108 2040
4.30108 2050
4.30108 2060
4.30108 2070
4.30108 2080
4.30108 2090
4.30108 2100
4.30108 2110
4.30108 2120
4.30108 2130
4.30108 2140
4.30108 2150
4.30108 2160
4.30108 2170
4.30108 2180
4.30108 2190
4.30108 2200
4.30108 2210
4.30108 2220
4.30108 2230
4.30108 2240
4.30108 2250
4.30108 2260
4.30108 2270
4.30108 2280
4.30108 2290
4.30108 2300
4.30108 2310
4.30108 2320
4.30108 2330
4.30108 2340
4.30108 2350
4.30108 2360
4.30108 2370
4.30108 2380
4.30108 2390
4.30108 2400
4.30108 2410
4.30108 2420
4.30108 2430
4.30108 2440
4.30108 2450
4.30108 2460
4.30108 2470
4.30108 2480
4.30108 2490
4.30108 2500
4.30108 2510
4.30108 2520
4.30108 2530
4.30108 2540
4.30108 2550
4.30108 2560
4.30108 2570
4.30108 2580
4.30108 2590
4.30108 2600
4.30108 2610
4.30108 2620
4.30108 2630
4.30108 2640
4.30108 2650
4.30108 2660
4.30108 2670
4.30108 2680
4.30108 2690
4.30108 2700
4.30108 2710
4.30108 2720
4.30108 2730
4.30108 2740
4.30108 2750
4.30108 2760
4.30108 2770
4.30108 2780
4.30108 2790
4.30108 2800
4.30108 2810
4.30108 2820
4.30108 2830
4.30108 2840
4.30108 2850
4.30108 2860
4.30108 2870
4.30108 2880
4.30108 2890
4.30108 2900
4.30108 2910
4.30108 2920
4.30108 2930
4.30108 2940
4.30108 2950
4.30108 2960
4.30108 2970
4.30108 2980
4.30108 2990
4.30108 3000
4.30108 3010
4.30108 3020
4.30108 3030
4.30108 3040
4.30108 3050
4.30108 3060
4.30108 3070
4.30108 3080
4.30108 3090
4.30108 3100
4.30108 3110
4.30108 3120
4.30108 3130
4.30108 3140
4.30108 3150
4.30108 3160
4.30108 3170
4.30108 3180
4.30108 3190
4.30108 3200
4.30108 3210
4.30108 3220
4.30108 3230
4.30108 3240
4.30108 3250
4.30108 3260
4.30108 3270
4.30108 3280
4.30108 3290
4.30108 3300
4.30108 3310
4.30108 3320
4.30108 3330
4.30108 3340
4.30108 3350
4.30108 3360
4.30108 3370
4.30108 3380
4.30108 3390
4.30108 3400
4.30108 3410
4.30108 3420
4.30108 3430
4.30108 3440
4.30108 3450
4.30108 3460
4.30108 3470
4.30108 3480
4.30108 3490
4.30108 3500
4.30108 3510
4.30108 3520
4.30108 3530
4.30108 3540
4.30108 3550
4.30108 3560
4.30108 3570
4.30108 3580
4.30108 3590
4.30108 3600
4.30108 3610
4.30108 3620
4.30108 3630
4.30108 3640
4.30108 3650
4.30108 3660
4.30108 3670
4.30108 3680
4.30108 3690
4.30108 3700
4.30108 3710
4.30108 3720
4.30108 3730
4.30108 3740
4.30108 3750
4.30108 3760
4.30108 3770
4.30108 3780
4.30108 3790
4.30108 3800
4.30108 3810
4.30108 3820
4.30108 3830
4.30108 3840
4.30108 3850
4.30108 3860
4.30108 3870
4.30108 3880
4.30108 3890
4.30108 3900
4.30108 3910
4.30108 3920
4.30108 3930
4.30108 3940
4.30108 3950
4.30108 3960
4.30108 3970
4.30108 3980
4.30108 3990
4.30108 4000
4.30108 4010
4.30108 4020
4.30108 4030
4.30108 4040
4.30108 4050
4.30108 4060
4.30108 4070
4.30108 4080
4.30108 4090
4.30108 4100
4.30108 4110
4.30108 4120
4.30108 4130
4.30108 4140
4.30108 4150
4.30108 4160
4.30108 4170
4.30108 4180
4.30108 4190
4.30108 4200
4.30108 4210
4.30108 4220
4.30108 4230
4.30108 4240
4.30108 4250
4.30108 4260
4.30108 4270
4.30108 4280
4.30108 4290
4.30108 4300
4.30108 4310
4.30108 4320
4.30108 4330
4.30108 4340
4.30108 4350
4.30108 4360
4.30108 4370
4.30108 4380
4.30108 4390
4.30108 4400
4.30108 4410
4.30108 4420
4.30108 4430
4.30108 4440
4.30108 4450
4.30108 4460
4.30108 4470
4.30108 4480
4.30108 4490
4.30108 4500
4.30108 4510
4.30108 4520
4.30108 4530
4.30108 4540
4.30108 4550
4.30108 4560
4.30108 4570
4.30108 4580
4.30108 4590
4.30108 4600
4.30108 4610
4.30108 4620
4.30108 4630
4.30108 4640
4.30108 4650
4.30108 4660
4.30108 4670
4.30108 4680
4.30108 4690
4.30108 4700
4.30108 4710
4.30108 4720
4.30108 4730
4.30108 4740
4.30108 4750
4.30108 4760
4.30108 4770
4.30108 4780
4.30108 4790
4.30108 4800
4.30108 4810
4.30108 4820
4.30108 4830
4.30108 4840
4.30108 4850
4.30108 4860
4.30108 4870
4.30108 4880
4.30108 4890
4.30108 4900
4.30108 4910
4.30108 4920
4.30108 4930
4.30108 4940
4.30108 4950
4.30108 4960
4.30108 4970
4.30108 4980
4.30108 4990
4.30108 5000
4.30108 5010
4.30108 5020
4.30108 5030
4.30108 5040
4.30108 5050
4.30108 5060
4.30108 5070
4.30108 5080
4.30108 5090
4.30108 5100
4.30108 5110
4.30108 5120
4.30108 5130
4.30108 5140
4.30108 5150
4.30108 5160
4.30108 5170
4.30108 5180
4.30108 5190
4.30108 5200
4.30108 5210
4.30108 5220
4.30108 5230
4.30108 5240
4.30108 5250
4.30108 5260
4.30108 5270
4.30108 5280
4.30108 5290
4.30108 5300
4.30108 5310
4.30108 5320
4.30108 5330
4.30108 5340
4.30108 5350
4.30108 5360
4.30108 5370
4.30108 5380
4.30108 5390
4.30108 5400
4.30108 5410
4.30108 5420
4.30108 5430
4.30108 5440
4.30108 5450
4.30108 5460
4.30108 5470
4.30108 5480
4.30108 5490
4.30108 5500
4.30108 5510
4.30108 5520
4.30108 5530
4.30108 5540
4.30108 5550
4.30108 5560
4.30108 5570
4.30108 5580
4.30108 5590
4.30108 5600
4.30108 5610
4.30108 5620
4.30108 5630
4.30108 5640
4.30108 5650
4.30108 5660
4.30108 5670
4.30108 5680
4.30108 5690
4.30108 5700
4.30108 5710
4.30108 5720
4.30108 5730
4.30108 5740
4.30108 5750
4.30108 5760
4.30108 5770
4.30108 5780
4.30108 5790
4.30108 5800
4.30108 5810
4.30108 5820
4.30108 5830
4.30108 5840
4.30108 5850
4.30108 5860
4.30108 5870
4.30108 5880
4.30108 5890
4.30108 5900
4.30108 5910
4.30108 5920
4.30108 5930
4.30108 5940
4.30108 5950
4.30108 5960
4.30108 5970
4.30108 5980
4.30108 5990
4.30108 6000
4.30108 6010
4.30108 6020
4.30108 6030
4.30108 6040
4.30108 6050
4.30108 6060
4.30108 6070
4.30108 6080
4.30108 6090
4.30108 6100
4.30108 6110
4.30108 6120
4.30108 6130
4.30108 6140
4.30108 6150
4.30108 6160
4.30108 6170
4.30108 6180
4.30108 6190
4.30108 6200
4.30108 6210
4.30108 6220
4.30108 6230
4.30108 6240
4.30108 6250
4.30108 6260
4.30108 6270
4.30108 6280
4.30108 6290
4.30108 6300
4.30108 6310
4.30108 6320
4.30108 6330
4.30108 6340
4.30108 6350
4.30108 6360
4.30108 6370
4.30108 6380
4.30108 6390
4.30108 6400
4.30108 6410
4.30108 6420
4.30108 6430
4.30108 6440
4.30108 6450
4.30108 6460
4.30108 6470
4.30108 6480
4.30108 6490
4.30108 6500
4.30108 6510
4.30108 6520
4.30108 6530
4.30108 6540
4.30108 6550
4.30108 6560
4.30108 6570
4.30108 6580
4.30108 6590
4.30108 6600
4.30108 6610
4.30108 6620
4.30108 6630
4.30108 6640
4.30108 6650
4.30108 6660
4.30108 6670
4.30108 6680
4.30108 6690
4.30108 6700
4.30108 6710
4.30108 6720
4.30108 6730
4.30108 6740
4.30108 6750
4.30108 6760
4.30108 6770
4.30108 6780
4.30108 6790
4.30108 6800
4.30108 6810
4.30108 6820
4.30108 6830
4.30108 6840
4.30108 6850
4.30108 6860
4.30108 6870
4.30108 6880
4.30108 6890
4.30108 6900
4.30108 6910
4.30108 6920
4.30108 6930
4.30108 6940
4.30108 6950
4.30108 6960
4.30108 6970
4.30108 6980
4.30108 6990
4.30108 7000
4.30108 7010
4.30108 7020
4.30108 7030
4.30108 7040
4.30108 7050
4.30108 7060
4.30108 7070
4.30108 7080
4.30108 7090
4.30108 7100
4.30108 7110
4.30108 7120
4.30108 7130
4.30108 7140
4.30108 7150
4.30108 7160
4.30108 7170
4.30108 7180
4.30108 7190
4.30108 7200
4.30108 7210
4.30108 7220
4.30108 7230
4.30108 7240
4.30108 7250
4.30108 7260
4.30108 7270
4.30108 7280
4.30108 7290
4.30108 7300
4.30108 7310
4.30108 7320
4.30108 7330
4.30108 7340
4.30108 7350
4.30108 7360
4.30108 7370
4.30108 7380
4.30108 7390
4.30108 7400
4.30108 7410
4.30108 7420
4.30108 7430
4.30108 7440
4.30108 7450
4.30108 7460
4.30108 7470
4.30108 7480
4.30108 7490
4.30108 7500
4.30108 7510
4.30108 7520
4.30108 7530
4.30108 7540
4.30108 7550
4.30108 7560
4.30108 7570
4.30108 7580
4.30108 7590
4.30108 7600
4.30108 7610
4.30108 7620
4.30108 7630
4.30108 7640
4.30108 7650
4.30108 7660
4.30108 7670
4.30108 7680
4.30108 7690
4.30108 7700
4.30108 7710
4.30108 7720
4.30108 7730
4.30108 7740
4.30108 7750
4.30108 7760
4.30108 7770
4.30108 7780
4.30108 7790
4.30108 7800
4.30108 7810
4.30108 7820
4.30108 7830
4.30108 7840
4.30108 7850
4.30108 7860
4.30108 7870
4.30108 7880
4.30108 7890
4.30108 7900
4.30108 7910
4.30108 7920
4.30108 7930
4.30108 7940
4.30108 7950
4.30108 7960
4.30108 7970
4.30108 7980
4.30108 7990
4.30108 8000
4.30108 8010
4.30108 8020
4.30108 8030
4.30108 8040
4.30108 8050
4.30108 8060
4.30108 8070
4.30108 8080
4.30108 8090
4.30108 8100
4.30108 8110
4.30108 8120
4.30108 8130
4.30108 8140
4.30108 8150
4.30108 8160
4.30108 8170
4.30108 8180
4.30108 8190
4.30108 8200
4.30108 8210
4.30108 8220
4.30108 8230
4.30108 8240
4.30108 8250
4.30108 8260
4.30108 8270
4.30108 8280
4.30108 8290
4.30108 8300
4.30108 8310
4.30108 8320
4.30108 8330
4.30108 8340
4.30108 8350
4.30108 8360
4.30108 8370
4.30108 8380
4.30108 8390
4.30108 8400
4.30108 8410
4.30108 8420
4.30108 8430
4.30108 8440
4.30108 8450
4.30108 8460
4.30108 8470
4.30108 8480
4.30108 8490
4.30108 8500
4.30108 8510
4.30108 8520
4.30108 8530
4.30108 8540
4.30108 8550
4.30108 8560
4.30108 8570
4.30108 8580
4.30108 8590
4.30108 8600
4.30108 8610
4.30108 8620
4.30108 8630
4.30108 8640
4.30108 8650
4.30108 8660
4.30108 8670
4.30108 8680
4.30108 8690
4.30108 8700
4.30108 8710
4.30108 8720
4.30108 8730
4.30108 8740
4.30108 8750
4.30108 8760
4.30108 8770
4.30108 8780
4.30108 8790
4.30108 8800
4.30108 8810
4.30108 8820
4.30108 8830
4.30108 8840
4.30108 8850
4.30108 8860
4.30108 8870
4.30108 8880
4.30108 8890
4.30108 8900
4.30108 8910
4.30108 8920
4.30108 8930
4.30108 8940
4.30108 8950
4.30108 8960
4.30108 8970
4.30108 8980
4.30108 8990
4.30108 9000
4.30108 9010
4.30108 9020
4.30108 9030
4.30108 9040
4.30108 9050
4.30108 9060
4.30108 9070
4.30108 9080
4.30108 9090
4.30108 9100
4.30108 9110
4.30108 9120
4.30108 9130
4.30108 9140
4.30108 9150
4.30108 9160
4.30108 9170
4.30108 9180
4.30108 9190
4.30108 9200
4.30108 9210
4.30108 9220
4.30108 9230
4.30108 9240
4.30108 9250
4.30108 9260
4.30108 9270
4.30108 9280
4.30108 9290
4.30108 9300
4.30108 9310
4.30108 9320
4.30108 9330
4.30108 9340
4.30108 9350
4.30108 9360
4.30108 9370
4.30108 9380
4.30108 9390
4.30108 9400
4.30108 9410
4.30108 9420
4.30108 9430
4.30108 9440
4.30108 9450
4.30108 9460
4.30108 9470
4.30108 9480
4.30108 9490
4.30108 9500
4.30108 9510
4.30108 9520
4.30108 9530
4.30108 9540
4.30108 9550
4.30108 9560
4.30108 9570
4.30108 9580
4.30108 9590
4.30108 9600
4.30108 9610
4.30108 9620
4.30108 9630
4.30108 9640
4.30108 9650
4.30108 9660
4.30108 9670
4.30108 9680
4.30108 9690
4.30108 9700
4.30108 9710
4.30108 9720
4.30108 9730
4.30108 9740
4.30108 9750
4.30108 9760
4.30108 9770
4.30108 9780
4.30108 9790
4.30108 9800
4.30108 9810
4.30108 9820
4.30108 9830
4.30108 9840
4.30108 9850
4.30108 9860
4.30108 9870
4.30108 9880
4.30108 9890
4.30108 9900
4.30108 9910
4.30108 9920
4.30108 9930
4.30108 9940
4.30108 9950
4.30108 9960
4.30108 9970
4.30108 9980
4.30108 9990
